-0.614000 -0.600000 1.547733 
-0.616000 -0.600000 1.544482 
-0.618000 -0.600000 1.541242 
-0.620000 -0.598000 1.534675 
-0.622000 -0.598000 1.531457 
-0.620000 -0.600000 1.538012 
-0.622000 -0.602000 1.538119 
-0.624000 -0.604000 1.538226 
-0.626000 -0.604000 1.535028 
-0.628000 -0.606000 1.535144 
-0.630000 -0.606000 1.531966 
-0.632000 -0.608000 1.532091 
-0.634000 -0.608000 1.528934 
-0.636000 -0.610000 1.529069 
-0.638000 -0.610000 1.525932 
-0.640000 -0.612000 1.526075 
-0.642000 -0.612000 1.522959 
-0.644000 -0.612000 1.519852 
-0.646000 -0.614000 1.520014 
-0.648000 -0.616000 1.520174 
-0.650000 -0.616000 1.517097 
-0.652000 -0.618000 1.517266 
-0.654000 -0.618000 1.514208 
-0.656000 -0.620000 1.514385 
-0.658000 -0.620000 1.511346 
-0.660000 -0.622000 1.511531 
-0.662000 -0.624000 1.511716 
-0.664000 -0.624000 1.508704 
-0.666000 -0.622000 1.502500 
-0.668000 -0.620000 1.496297 
-0.670000 -0.618000 1.490095 
-0.672000 -0.616000 1.483895 
-0.674000 -0.614000 1.477696 
-0.674000 -0.612000 1.474448 
-0.672000 -0.610000 1.474148 
-0.670000 -0.608000 1.473846 
-0.670000 -0.606000 1.470567 
-0.672000 -0.604000 1.464314 
-0.672000 -0.602000 1.461017 
-0.674000 -0.600000 1.454757 
-0.676000 -0.598000 1.448500 
-0.678000 -0.598000 1.445568 
-0.680000 -0.596000 1.439325 
-0.682000 -0.596000 1.436414 
-0.684000 -0.596000 1.433512 
-0.686000 -0.596000 1.430621 
-0.688000 -0.596000 1.427739 
-0.690000 -0.596000 1.424866 
-0.692000 -0.596000 1.422003 
-0.694000 -0.596000 1.419150 
-0.696000 -0.596000 1.416306 
-0.698000 -0.596000 1.413471 
-0.700000 -0.596000 1.410646 
-0.702000 -0.596000 1.407830 
-0.704000 -0.596000 1.405023 
-0.706000 -0.596000 1.402226 
-0.708000 -0.596000 1.399438 
-0.710000 -0.596000 1.396659 
-0.712000 -0.596000 1.393889 
-0.714000 -0.596000 1.391129 
-0.716000 -0.596000 1.388377 
-0.718000 -0.596000 1.385635 
-0.720000 -0.596000 1.382901 
-0.722000 -0.596000 1.380177 
-0.724000 -0.594000 1.374164 
-0.726000 -0.594000 1.371459 
-0.728000 -0.594000 1.368763 
-0.730000 -0.594000 1.366076 
-0.732000 -0.594000 1.363398 
-0.734000 -0.594000 1.360729 
-0.736000 -0.594000 1.358068 
-0.738000 -0.594000 1.355417 
-0.740000 -0.594000 1.352774 
-0.742000 -0.594000 1.350139 
-0.744000 -0.594000 1.347513 
-0.746000 -0.594000 1.344896 
-0.748000 -0.594000 1.342288 
-0.750000 -0.594000 1.339688 
-0.752000 -0.594000 1.337096 
-0.754000 -0.594000 1.334513 
-0.756000 -0.594000 1.331938 
-0.758000 -0.594000 1.329372 
-0.760000 -0.594000 1.326814 
-0.762000 -0.594000 1.324265 
-0.764000 -0.594000 1.321724 
-0.766000 -0.594000 1.319191 
-0.768000 -0.592000 1.313403 
-0.770000 -0.592000 1.310889 
-0.772000 -0.592000 1.308383 
-0.774000 -0.592000 1.305885 
-0.776000 -0.592000 1.303395 
-0.778000 -0.592000 1.300914 
-0.780000 -0.592000 1.298440 
-0.782000 -0.592000 1.295974 
-0.784000 -0.592000 1.293517 
-0.786000 -0.592000 1.291067 
